[tof]
s = 0.95
d = 1.95
D = 20.0
Vs = 200.0
Vd = 700.0
ds = 0.03
dt = 0.008
t0 = 0.0
r0 = 1000.0

[condition]
Temperature = 100.0
Npoints = 500000
timeprec = 0.002
posdist = normal
tdist = normal
v_inicial = 0.0

[83Kr1]
A = 83.0
M = 82.914136
L = $^{83}\mathrm{Kr}$
P = 11.5
S = Kr
Z = 36.0
q = 1

[82Kr1]
A = 82.0
M = 81.9134836
L = $^{82}\mathrm{Kr}$
P = 11.593
S = Kr
Z = 36.0
q = 1

[86Kr1]
A = 86.0
M = 85.91061073
L = $^{86}\mathrm{Kr}$
P = 17.279
S = Kr
Z = 36.0
q = 1

[84Kr1]
A = 84.0
M = 83.911507
L = $^{84}\mathrm{Kr}$
P = 56.987
S = Kr
Z = 36.0
q = 1

